COLMAP bonsai 2317 239320 14.624 0.567 0.75
COLMAP kitchen 1741 290444 29.433 0.9128 0.127
COLMAP ignatius 1741 290444 29.433 0.9128 0.127
VGGT_LONG bonsai 1836 108500 27.776 0.8767 0.225
VGGT_LONG kitchen 1398 46788 23.407 0.7253 0.321
VGGT_LONG ignatius 1078 51172 17.608 0.4754 0.591
COLMAP bonsai 2317 239320 14.624 0.567 0.75
COLMAP kitchen 1741 290444 29.433 0.9128 0.127
COLMAP ignatius 1741 290444 29.433 0.9128 0.127
VGGT_LONG bonsai 1836 108500 27.776 0.8767 0.225
VGGT_LONG kitchen 1398 46788 23.407 0.7253 0.321
VGGT_LONG ignatius 1078 51172 17.608 0.4754 0.591
VGGT_LONG Ignatius_vggtlong_full 0 17473 18.154 0.4888 0.575
